"index","0","1","2"
26457,0.00265373447040071,0.0345689299809155,0.962777335548684
26458,0.00371434157861419,0.0297116432459609,0.966574015175425
26459,0.00512493310742191,0.0469291884585839,0.947945878433994
26460,0.0031377271261498,0.0249480543196539,0.971914218554196
26461,0.0017858354416381,0.0140307135145505,0.984183451043811
26462,0.00654259307942732,0.162753034608859,0.830704372311714
26463,0.15591390347658,0.365492496752,0.47859359977142
26464,0.00423879582214289,0.0501655405236342,0.945595663654223
26465,0.00199953775122693,0.0220263041662289,0.975974158082544
26466,0.00397627383705491,0.0647890057288663,0.931234720434079
26467,0.0036122142530136,0.062217519840199,0.934170265906787
26468,0.00481505426561325,0.0413315180583613,0.953853427676026
26469,0.00582492039778182,0.0408869221247643,0.953288157477454
26470,0.00369585050576609,0.0477269116775258,0.948577237816708
26471,0.00374791028677895,0.0311755464450843,0.965076543268137
26472,0.00497044468689009,0.0486440366949696,0.94638551861814
26473,0.00364411134890613,0.0338722914473605,0.962483597203733
26474,0.0151438722621603,0.596960629307908,0.387895498429932
26475,0.00249717437364104,0.0308250675135908,0.966677758112768
26476,0.00164671195418661,0.034025415851616,0.964327872194197
26477,0.00949345922634096,0.0937941926294931,0.896712348144166
26478,0.00320401958583786,0.0198271408620443,0.976968839552118
26479,0.00171576570432835,0.0246715553636434,0.973612678932028
26480,0.00558593524902057,0.015913299409491,0.978500765341489
26481,0.00544413356982466,0.064862809229205,0.92969305720097
26482,0.00863423810205256,0.0332976834959021,0.958068078402045
26483,0.00172483480081759,0.0535152460660494,0.944759919133133
26484,0.00696944490919901,0.155891381930606,0.837139173160195
26485,0.00243976049211989,0.0192531922985525,0.978307047209327
26486,0.00447225629158053,0.0868645983056907,0.908663145402729
26487,0.00893138490857895,0.056900836900889,0.934167778190532
26488,0.0170481468136739,0.315494146843147,0.667457706343179
26489,0.00444583073324781,0.096634959603578,0.898919209663174
26490,0.00522760763457324,0.0935846089725053,0.901187783392921
26491,0.00376988380346811,0.0263413194684414,0.96988879672809
26492,0.00397204051916948,0.0198718111518033,0.976156148329027
26493,0.0181718807934549,0.60092869718525,0.380899422021295
26494,0.00399734729232902,0.0477381372002046,0.948264515507466
26495,0.00174587185340625,0.0267739760972874,0.971480152049306
26496,0.00491001339407774,0.190415047145243,0.804674939460679
26497,0.00395464205862668,0.0523575907216383,0.943687767219735
26498,0.0044063858734682,0.0604021839489608,0.935191430177571
26499,0.00269826329197419,0.0314965107832068,0.965805225924819
26500,0.012759249396731,0.0284429389220588,0.95879781168121
26501,0.0294475972123781,0.0477603767158446,0.922792026071777
26502,0.00398085687035239,0.0261547182561244,0.969864424873523
26503,0.00575430121269051,0.0613638161342935,0.932881882653016
26504,0.00955276230049876,0.0597956747686934,0.930651562930808
26505,0.00513829709741086,0.017658726448334,0.977202976454255
26506,0.0234951969561355,0.165313000354368,0.811191802689496
26507,0.0145218967878903,0.353808756129036,0.631669347083074
26508,0.0022197086143034,0.0203309735120809,0.977449317873616
26509,0.00340365447816435,0.027779624918795,0.968816720603041
26510,0.00225413265482927,0.0384233415739571,0.959322525771214
26511,0.00857208454647608,0.0334444168016226,0.957983498651901
26512,0.00451384556890928,0.0699175951975314,0.925568559233559
26513,0.00413913098968971,0.0346953914061335,0.961165477604177
26514,0.00878201412953404,0.0288621715969308,0.962355814273535
26515,0.00340537948953192,0.0408766842090651,0.955717936301403
26516,0.0041885118951822,0.10523694714564,0.890574540959178
26517,0.0131846732339679,0.344175463333264,0.642639863432768
26518,0.00310538796908206,0.0260324163723199,0.970862195658598
26519,0.00189197897603256,0.0331796186416862,0.964928402382281
26520,0.00487540080677781,0.104202280525687,0.890922318667535
26521,0.00759279198032838,0.0374513577369331,0.954955850282739
26522,0.00654659327148743,0.0553932533409002,0.938060153387612
26523,0.00826565749220197,0.0590584010332362,0.932675941474562
26524,0.00324281132889896,0.154456463643428,0.842300725027673
26525,0.00345957172758571,0.04354335754458,0.952997070727834
26526,0.00231051432594454,0.0339175471050807,0.963771938568975
26527,0.00290306167228129,0.0232627711284096,0.973834167199309
26528,0.0121663109320109,0.264627103842311,0.723206585225678
26529,0.00109034261152292,0.0115917993680206,0.987317858020456
26530,0.00341084075996471,0.0320337261236664,0.964555433116369
26531,0.00951676140909551,0.0400678586281652,0.950415379962739
26532,0.00401359235458314,0.0386129100940488,0.957373497551368
26533,0.00191859008331045,0.0426039373172857,0.955477472599404
26534,0.00346228304176767,0.0380607145899761,0.958477002368256
26535,0.00575540595698183,0.0236744097844888,0.970570184258529
26536,0.006830376119184,0.0498937636370412,0.943275860243775
26537,0.00274367224117543,0.0177611548565498,0.979495172902275
26538,0.00403005650091833,0.0312112194141433,0.964758724084938
26539,0.00366947794181417,0.0365439321923859,0.9597865898658
26540,0.00455669158351612,0.111756483720008,0.883686824696475
26541,0.00511725744964802,0.0467306795261729,0.948152063024179
26542,0.00420406600387804,0.0613393757713722,0.93445655822475
26543,0.0334580334290162,0.176027186100952,0.790514780470032
26544,0.00366115407534512,0.0220053514963098,0.974333494428345
26545,0.00364012528790131,0.0249768746362755,0.971383000075823
26546,0.00215959756539274,0.0431067721987942,0.954733630235813
26547,0.00293646118549307,0.017969528498412,0.979094010316095
26548,0.00532131671997849,0.038359579976217,0.956319103303805
26549,0.0369850991808806,0.584367844776291,0.378647056042828
26550,0.00366595362064107,0.0384583810232791,0.95787566535608
26551,0.00625895821295637,0.0309462442380362,0.962794797549007
26552,0.0014890759461512,0.0285122384696031,0.969998685584246
26553,0.000920991022777544,0.0137631354087637,0.985315873568459
26554,0.0041881461586161,0.0614391984979804,0.934372655343404
26555,0.00523717520425845,0.0650450633102285,0.929717761485513
26556,0.00194574901117911,0.0379526625928503,0.960101588395971
26557,0.00538187111972384,0.0355150605396312,0.959103068340645
26558,0.00478137974650896,0.0396207641241285,0.955597856129363
26559,0.00374246264952126,0.0279300318000036,0.968327505550475
26560,0.00465105678349974,0.033619846588596,0.961729096627904
26561,0.00222191972678793,0.0467214532128458,0.951056627060366
26562,0.00430024355131004,0.036812433030677,0.958887323418013
26563,0.0134919153859189,0.0534213905657089,0.933086694048372
26564,0.00439878271692293,0.028392832243087,0.96720838503999
26565,0.00335922232412686,0.0345457723884935,0.96209500528738
26566,0.00324672827261902,0.0414016117424619,0.955351659984919
26567,0.00238913467330913,0.0424380306680187,0.955172834658672
26568,0.0369671163119548,0.130520711052348,0.832512172635697
26569,0.00222004068129209,0.0668666837817293,0.930913275536979
26570,0.0113166423756276,0.083640184134232,0.90504317349014
26571,0.00568426541505415,0.0188351017883226,0.975480632796623
26572,0.00567456942507758,0.114539352964593,0.879786077610329
26573,0.00275932266270168,0.0247653345259183,0.97247534281138
26574,0.00648594049802444,0.0311070792778908,0.962406980224085
26575,0.00422911845131541,0.0293628305584453,0.966408050990239
26576,0.0053198991175854,0.0555338414247755,0.939146259457639
26577,0.00550234695859679,0.0231389575887217,0.971358695452682
26578,0.00711050238432689,0.163777351300184,0.829112146315489
26579,0.0345080727695802,0.570253133346883,0.395238793883537
26580,0.00369461359845585,0.0274756841557051,0.968829702245839
26581,0.00971896365855301,0.0769466930109275,0.913334343330519
26582,0.00298544213499157,0.0294667212819614,0.967547836583047
26583,0.0040093478415304,0.0340957766842641,0.961894875474206
26584,0.00362764867722811,0.0751890858923199,0.921183265430452
26585,0.00636070509574869,0.0347879474555697,0.958851347448682
26586,0.00691390590052567,0.0340339284220308,0.959052165677444
26587,0.0319910347194142,0.0560987252040512,0.911910240076535
26588,0.0016553959140011,0.0104642703592635,0.987880333726735
26589,0.00370890018536884,0.0496968489327383,0.946594250881893
26590,0.00286928206932928,0.0327556697140898,0.964375048216581
26591,0.012754596571726,0.323012155579374,0.6642332478489
26592,0.0152359661997261,0.0874953114490292,0.897268722351245
26593,0.00278430509352564,0.0328831670363174,0.964332527870157
26594,0.00484600658882195,0.0978652114505733,0.897288781960605
26595,0.00247286966236459,0.0214654502493321,0.976061680088303
26596,0.00233490273783641,0.0161549366790405,0.981510160583123
26597,0.00749992477093073,0.18833001855009,0.804170056678979
26598,0.00471816741617204,0.0367192630661618,0.958562569517666
26599,0.00747519304766578,0.0231806720666483,0.969344134885686
26600,0.00425986477517588,0.0477247438301613,0.948015391394663
26601,0.00486168054808205,0.0326252066225644,0.962513112829354
26602,0.00517282908366586,0.0856067619173378,0.909220408998996
26603,0.00444636847484184,0.0721779781705529,0.923375653354605
26604,0.0039021714243832,0.0677792783056037,0.928318550270013
26605,0.0027143100278065,0.0382162416215085,0.959069448350685
26606,0.00894023246044998,0.0529409933399126,0.938118774199637
26607,0.0100694042593841,0.191299234516876,0.79863136122374
26608,0.00474857223721923,0.0390541770321875,0.956197250730593
26609,0.00373495494913997,0.0318992551441829,0.964365789906677
26610,0.0252096010900819,0.33389989179484,0.640890507115078
26611,0.00233848715935416,0.0166888174593271,0.980972695381319
26612,0.00356200070086217,0.0400042851379869,0.956433714161151
26613,0.00306832477777728,0.0270686233661388,0.969863051856084
26614,0.00443159816308695,0.0512867073186407,0.944281694518272
26615,0.0153188022429957,0.0807021889199646,0.90397900883704
26616,0.00268848685255505,0.0203283799104239,0.976983133237021
26617,0.0065070365724297,0.0301918794764436,0.963301083951127
26618,0.00429576183666646,0.0448377240752607,0.950866514088073
26619,0.0108714895386054,0.0961315496366585,0.892996960824736
26620,0.0102170919749378,0.260845154630418,0.728937753394645
26621,0.00816926336595908,0.0482408628461149,0.943589873787926
26622,0.00427891180675233,0.0273043613146898,0.968416726878558
26623,0.00168938793347589,0.0238355181610118,0.974475093905512
26624,0.00264431069284474,0.0357613821182861,0.961594307188869
26625,0.00484032149019877,0.0453690905296271,0.949790587980174
26626,0.00823971102794772,0.0553518739882455,0.936408414983807
26627,0.00264613187503471,0.0219261130329782,0.975427755091987
26628,0.00682544634841951,0.0699693322996029,0.923205221351977
26629,0.00428245199305999,0.033709623088416,0.962007924918524
26630,0.00317722536532314,0.06482919010279,0.931993584531887
26631,0.0186711463213709,0.00407354813399005,0.977255305544639
26632,0.00278874933658796,0.0163084248249385,0.980902825838474
26633,0.00249493137609122,0.0257332329121688,0.97177183571174
26634,0.00476966087412168,0.0351386938994663,0.960091645226412
26635,0.00315391479936161,0.0445269984584575,0.952319086742181
26636,0.00333276984744063,0.0346719533979983,0.961995276754561
26637,0.00282507458091363,0.0404951702630608,0.956679755156026
26638,0.00126805446127769,0.0108466201169251,0.987885325421797
26639,0.00889330073839461,0.0920816395446951,0.89902505971691
26640,0.00426805326816384,0.0405603682365762,0.95517157849526
26641,0.00204845797540739,0.0288058921438227,0.96914564988077
26642,0.00420988901383887,0.019046264903047,0.976743846083114
26643,0.00297916895555099,0.0403931904485021,0.956627640595947
26644,0.00256740994243833,0.0283404181159934,0.969092171941568
26645,0.00183417401053318,0.0156689849593865,0.98249684103008
26646,0.0066035911616268,0.0236756127557444,0.969720796082629
26647,0.00416815214202879,0.0290054658397623,0.966826382018209
26648,0.0110613909606414,0.0568822264740091,0.93205638256535
26649,0.00505261832174079,0.0328775861457404,0.962069795532519
26650,0.017222765759342,0.220533923618596,0.762243310622062
26651,0.0195875765105764,0.775774582088085,0.204637841401339
26652,0.00530331976459063,0.0706948517536076,0.924001828481802
26653,0.00203845984542451,0.020450416683298,0.977511123471278
26654,0.00316244863705961,0.0575118556707738,0.939325695692167
26655,0.00518154571333149,0.0345742460248034,0.960244208261865
26656,0.00438246637718471,0.0405538094427225,0.955063724180093
26657,0.00173181637024164,0.0136337470559569,0.984634436573801
26658,0.00448096320095879,0.0292015262384687,0.966317510560572
26659,0.0145379818304908,0.0718394081911054,0.913622609978404
26660,0.00309520891653385,0.0208956858048848,0.976009105278581
26661,0.00336602316439845,0.061124515847574,0.935509460988028
26662,0.00236584245155663,0.0736647871777784,0.923969370370665
26663,0.00273120647665542,0.0357991624628079,0.961469631060537
26664,0.00651546609802998,0.119082914989784,0.874401618912186
26665,0.00185984376570179,0.0150524345210952,0.983087721713203
26666,0.00483186964007831,0.0836059959007405,0.911562134459181
26667,0.00134001343391191,0.0228910555318879,0.9757689310342
26668,0.0634377782277259,0.0961385434692361,0.840423678303038
26669,0.00443453523985169,0.0735307311194739,0.922034733640674
26670,0.00547489716025223,0.0964753789708795,0.898049723868868
26671,0.002869065019262,0.0296912802852666,0.967439654695471
26672,0.00474123390124604,0.0342175011297266,0.961041264969027
26673,0.00488920792699596,0.0321548434728571,0.962955948600147
26674,0.00734712360145854,0.0310397806642621,0.961613095734279
26675,0.00573442968925097,0.062189566993593,0.932076003317156
26676,0.00574803080465624,0.0929248781013512,0.901327091093993
26677,0.00229193885370627,0.024037863652203,0.973670197494091
26678,0.00515490319732782,0.0290399724235153,0.965805124379157
26679,0.00549612934404205,0.0629171732548107,0.931586697401147
26680,0.00218159820787515,0.0650637757375406,0.932754626054584
26681,0.00402089296854823,0.0506044820114438,0.945374625020008
26682,0.00401717496876571,0.0672362020050717,0.928746623026163
26683,0.00214034815790396,0.0407981080018612,0.957061543840235
26684,0.00124644749194543,0.0195969556256519,0.979156596882403
26685,0.00415585832926412,0.0552607603999096,0.940583381270826
26686,0.00457120988908461,0.0436228244663912,0.951805965644524
26687,0.00577895621238177,0.0669298797138669,0.927291164073751
26688,0.00299249064593335,0.0550538854776822,0.941953623876384
26689,0.00487471106591994,0.0313179178930868,0.963807371040993
26690,0.00301524673465826,0.0304165042336123,0.96656824903173
26691,0.0139607755640212,0.151307408086057,0.834731816349922
26692,0.00539639853624563,0.113313497052882,0.881290104410872
26693,0.00567870614931276,0.0363688080507198,0.957952485799968
26694,0.0251070274467105,0.465574849322379,0.50931812323091
26695,0.00430446687748872,0.029253432194515,0.966442100927996
26696,0.00372498834042835,0.0352747212381432,0.961000290421428
26697,0.00460589464172926,0.0382519094787534,0.957142195879517
26698,0.00373573374891127,0.076262223533381,0.920002042717708
26699,0.00780794616819563,0.0581884081087055,0.934003645723099
26700,0.00659658610358823,0.0486115939518893,0.944791819944522
26701,0.00751317328930978,0.12582513533368,0.86666169137701
26702,0.00935834011123622,0.189400567628688,0.801241092260076
26703,0.00370970522550512,0.0823908915561636,0.913899403218331
26704,0.0070263907149392,0.0586504728579157,0.934323136427145
26705,0.00333855467281166,0.0130110882628782,0.98365035706431
26706,0.00243228291997341,0.0237689323073799,0.973798784772647
26707,0.00291092980788867,0.0557265801276811,0.94136249006443
26708,0.00442258827897053,0.0608116430905615,0.934765768630468
26709,0.00399089866080454,0.0318981014198628,0.964110999919333
26710,0.00680177153741676,0.0894725504651265,0.903725677997457
26711,0.00795868762404708,0.048292377021726,0.943748935354227
26712,0.00170271155559549,0.0166137726354051,0.981683515808999
26713,0.014531106533956,0.111693793242207,0.873775100223837
26714,0.00558262068171744,0.109182604958882,0.885234774359401
26715,0.00499773134959639,0.029754501911686,0.965247766738718
26716,0.00137591860573385,0.0160896627733851,0.982534418620881
26717,0.00652318269286159,0.0483451177394044,0.945131699567734
26718,0.00442880675950387,0.031123723920738,0.964447469319758
26719,0.00529965311061275,0.0416466635671027,0.953053683322285
26720,0.00211366720009242,0.0417160192439284,0.956170313555979
26721,0.00180364344435628,0.0293749404127231,0.968821416142921
26722,0.00251635417281823,0.043240696160636,0.954242949666546
26723,0.00402096988833146,0.0462012581319174,0.949777771979751
26724,0.0110326113268372,0.00999933409045111,0.978968054582712
26725,0.00518634657115707,0.0679354011627447,0.926878252266098
26726,0.00205220560515089,0.0434798370027111,0.954467957392138
26727,0.00350632699862896,0.035769824586744,0.960723848414627
26728,0.00417030573875086,0.0609786204130164,0.934851073848233
26729,0.00434832087494446,0.0378945932461121,0.957757085878943
26730,0.0039723747762777,0.0411655720380144,0.954862053185708
26731,0.00475626623035616,0.028744911086587,0.966498822683057
26732,0.0108061725443493,0.310845995240115,0.678347832215536
26733,0.00278404671855226,0.00905256078157746,0.98816339249987
26734,0.00276494077961731,0.0327876360429779,0.964447423177405
26735,0.00269414768481765,0.0469882199867444,0.950317632328438
26736,0.00430929709267324,0.019400080926433,0.976290621980894
26737,0.00303950942918006,0.0400825996685139,0.956877890902306
26738,0.00475129735118439,0.0397854692815668,0.955463233367249
26739,0.00264564659217802,0.0201155145202186,0.977238838887603
26740,0.0101616415696406,0.0786798819448353,0.911158476485524
26741,0.0303638518640514,0.241234187706027,0.728401960429922
26742,0.00621430305935395,0.0420106550904144,0.951775041850232
26743,0.00386520456863186,0.035104788866252,0.961030006565116
26744,0.00320772066295703,0.0484616879341435,0.948330591402899
26745,0.00263223111350311,0.0315382070108149,0.965829561875682
26746,0.00383841880029708,0.0353343319712139,0.960827249228489
26747,0.00295420225917627,0.0385821386672003,0.958463659073623
26748,0.00386948456873819,0.0384641519305914,0.95766636350067
26749,0.00194174880590174,0.0107347993165983,0.9873234518775
26750,0.0024167446100391,0.0159231149663205,0.981660140423641
26751,0.00628662441643252,0.0474641599107023,0.946249215672865
26752,0.0116398290858981,0.060690454852797,0.927669716061305
26753,0.00283536187794219,0.0526158649477398,0.944548773174318
26754,0.00991128594291354,0.0581839834229725,0.931904730634114
26755,0.0195272245989704,0.0660183449028664,0.914454430498163
26756,0.0073352617027402,0.040605433206932,0.952059305090328
26757,0.00361779984045516,0.041888341133517,0.954493859026028
26758,0.00321852763986523,0.0161077130657804,0.980673759294354
26759,0.00155856603457694,0.04310239564431,0.955339038321113
26760,0.00348439035388689,0.0523061240865687,0.944209485559544
26761,0.0212179880651308,0.075410379660533,0.903371632274336
26762,0.00413483898069363,0.0483456013306817,0.947519559688625
26763,0.00513661088472454,0.0271064873714378,0.967756901743838
26764,0.00750727861902286,0.0239390221153104,0.968553699265667
26765,0.00449781158046765,0.0253677586262091,0.970134429793323
26766,0.00269087238379815,0.0235576735436776,0.973751454072524
26767,0.00572625639815385,0.0447825305623124,0.949491213039534
26768,0.00566564842966802,0.402060654937518,0.592273696632814
26769,0.00270273610144191,0.0455036574425916,0.951793606455967
26770,0.00899620744578353,0.123429311384951,0.867574481169266
26771,0.0110087662895663,0.458883570926943,0.530107662783491
26772,0.00627280095882588,0.0281247192207821,0.965602479820392
26773,0.00729966698605982,0.047982929068476,0.944717403945464
26774,0.00577884277733738,0.0324423026857116,0.961778854536951
26775,0.00362053838943348,0.0393003550166523,0.957079106593914
26776,0.00468587587950226,0.0400186172239524,0.955295506896545
26777,0.00337733361787114,0.000717867277016387,0.995904799105112
26778,0.0046148145399587,0.043111228511591,0.95227395694845
26779,0.00382334978182117,0.0269890659071631,0.969187584311016
26780,0.00592174710410549,0.0437735419864991,0.950304710909396
26781,0.00394378640276303,0.0465093688865945,0.949546844710642
26782,0.00554363290399346,0.0308902185975125,0.963566148498494
26783,0.00366795662598912,0.0235038081662581,0.972828235207753
26784,0.00176069706649019,0.0136631797555674,0.984576123177942
26785,0.00213091690344792,0.0137212328671513,0.984147850229401
26786,0.00712613181846478,0.0353357240343045,0.957538144147231
26787,0.0081208590731271,0.0465562193215818,0.945322921605291
26788,0.00348943034373315,0.0252452704392159,0.971265299217051
26789,0.00372593131066056,0.0431403460831686,0.953133722606171
26790,0.00194247184684014,0.0225984062159418,0.975459121937218
26791,0.00402677149949902,0.0270073062114909,0.96896592228901
26792,0.00384239161221105,0.0652514190570741,0.930906189330715
26793,0.00711559785059554,0.0336358695198953,0.959248532629509
26794,0.0033650386621967,0.0439312842035766,0.952703677134227
26795,0.00432180031609611,0.0499741907810742,0.94570400890283
26796,0.0188630603503847,0.504347411588606,0.476789528061009
26797,0.00443423876690423,0.0449990156864048,0.950566745546691
26798,0.0017619072886863,0.0169624969159142,0.981275595795399
26799,0.00444121033280454,0.0411848301994913,0.954373959467704
26800,0.0141892481595412,0.291681604404148,0.694129147436311
26801,0.065645939534897,0.0994064457787346,0.834947614686368
26802,0.0053504498504898,0.0282827029198048,0.966366847229705
26803,0.00490254079448649,0.0304386485663146,0.964658810639199
26804,0.00434577882999446,0.0595187608413551,0.93613546032865
26805,0.0172167407548483,0.183706078756559,0.799077180488592
26806,0.00237957445832943,0.0392412433478696,0.958379182193801
26807,0.00281839536682617,0.0448952563184765,0.952286348314697
26808,0.00304720262361098,0.0277260946213016,0.969226702755087
26809,0.00564589679656176,0.0585286519529186,0.93582545125052
26810,0.00215951004613561,0.0703514298957803,0.927489060058084
26811,0.00176629306022841,0.0234775789967222,0.974756127943049
26812,0.00405612517523966,0.0606666986095482,0.935277176215212
26813,0.00608630294284908,0.140513543511949,0.853400153545202
26814,0.0116514410790444,0.0464332635368267,0.941915295384129
26815,0.00211289109888442,0.0278635369222159,0.9700235719789
26816,0.00282316157878603,0.0432190918586469,0.953957746562567
26817,0.00471806079240509,0.0232089950724381,0.972072944135157
26818,0.00344014938184948,0.0310144045825668,0.965545446035584
26819,0.00369283709480031,0.032693410181382,0.963613752723818
26820,0.0179354969986601,0.459096309410966,0.522968193590374
26821,0.0106079619780735,0.218460306641292,0.770931731380634
26822,0.0039377238108405,0.0270450396846638,0.969017236504496
26823,0.00432373807373005,0.0609283733329625,0.934747888593307
26824,0.00431148636095717,0.0244137277309112,0.971274785908132
26825,0.00366437044017465,0.0302626308157152,0.96607299874411
26826,0.00524536900746361,0.0705861236028899,0.924168507389647
26827,0.0029179463189414,0.0374838510045599,0.959598202676499
26828,0.00997330300042873,0.107593088566096,0.882433608433476
26829,0.00225926532741752,0.0223376796980825,0.9754030549745
26830,0.0084390605970402,0.0527269896316762,0.938833949771284
26831,0.0102626254458096,0.0357797600308865,0.953957614523304
26832,0.00762744847985072,0.0601206941332349,0.932251857386914
26833,0.00900369774226356,0.0313289430301718,0.959667359227565
26834,0.0060752778425026,0.04608547548962,0.947839246667877
26835,0.00243155869488237,0.0231426973899592,0.974425743915158
26836,0.00978401056480232,0.102601813561114,0.887614175874084
26837,0.00109867262518642,0.0116459608050658,0.987255366569748
26838,0.0021705940214345,0.0304193451348016,0.967410060843764
26839,0.0069190778215498,0.0457276926983589,0.947353229480091
26840,0.00526191747343416,0.175162251878545,0.819575830648021
26841,0.00948644403723832,0.0540302639398361,0.936483292022926
26842,0.00287859476900984,0.0531434303756399,0.94397797485535
26843,0.00348585279019583,0.0242214582568544,0.97229268895295
26844,0.0353242594289909,0.846861358262457,0.117814382308552
26845,0.00119850106505782,0.0105767480654099,0.988224750869532
26846,0.00182494633250434,0.0155505167559924,0.982624536911503
26847,0.00420247328121587,0.0622871650863448,0.933510361632439
26848,0.00330260266006302,0.0229899318031154,0.973707465536822
26849,0.0085777703912412,0.0611093006945091,0.93031292891425
26850,0.00337845632331979,0.0721072607270078,0.924514282949673
26851,0.003636527049644,0.0240091893161292,0.972354283634227
26852,0.00528650348188527,0.0602087945432985,0.934504701974816
26853,0.00246678470392962,0.0293250987809312,0.968208116515139
26854,0.00810330144076574,0.373025155596686,0.618871542962548
26855,0.00602168391729822,0.0390877051580173,0.954890610924685
26856,0.00900416127184348,0.0657184761472824,0.925277362580874
26857,0.00528915316795393,0.0425774282571906,0.952133418574855
26858,0.00175412315527793,0.0301009189152584,0.968144957929464
26859,0.00390398987421016,0.0430905039279377,0.953005506197852
26860,0.00267098433660438,0.0341211445769043,0.963207871086491
26861,0.00342162708395775,0.014463506736833,0.982114866179209
26862,0.00629726680080895,0.0645360886616273,0.929166644537564
26863,0.00244932353503292,0.0439964661197123,0.953554210345255
26864,0.0091136899386644,0.0550058992082116,0.935880410853124
26865,0.0010389317482085,0.0146883220790485,0.984272746172743
26866,0.00263044796383324,0.0270842261221292,0.970285325914038
26867,0.00284198552919116,0.0187260784449346,0.978431936025874
26868,0.0180310363277384,0.0794732261523703,0.902495737519891
26869,5.56971808145341e-07,0.000796265866282111,0.99920317716191
26870,0.0119544384839144,0.0733601316633032,0.914685429852782
26871,0.00526752830614536,0.0590231186011041,0.93570935309275
26872,0.00482242775834203,0.0594598593561165,0.935717712885541
26873,0.00579920652966615,0.100796576612034,0.8934042168583
26874,0.00246022266909514,0.0272823143584647,0.97025746297244
26875,0.00518860782167318,0.0571239315509604,0.937687460627366
26876,0.00242267352809383,0.0388141296882485,0.958763196783658
26877,0.003001690789231,0.0312964296359677,0.965701879574801
26878,0.00390900405557589,0.0392692792580758,0.956821716686348
26879,0.00543605603563304,0.0198158821151063,0.974748061849261
26880,0.00716663378612832,0.045573053256516,0.947260312957356
26881,0.00598429238390066,0.0623769983759848,0.931638709240114
26882,0.00530803052069953,0.0664612240463008,0.928230745433
26883,0.00297571825232241,0.0355447883049869,0.961479493442691
26884,0.00408743707067648,0.0350161610034293,0.960896401925894
26885,0.00240669992877437,0.053793941277665,0.943799358793561
26886,0.00473602611073218,0.0638208740667333,0.931443099822535
26887,0.00304489794845328,0.0251112174141219,0.971843884637425
26888,0.00439230386213386,0.0211046345933474,0.974503061544519
26889,0.00293397992826419,0.0327415811279846,0.964324438943751
26890,0.00335967127140338,0.0256404035938874,0.970999925134709
26891,0.00301333359923706,0.0611505223447466,0.935836144056016
26892,0.00430431717070269,0.025312381771188,0.970383301058109
26893,0.00484608726965165,0.0938157738404136,0.901338138889935
26894,0.00402787852181376,0.0606034230400629,0.935368698438123
26895,0.00951903056157691,0.0357885964227847,0.954692373015638
26896,0.00334035717583167,0.0222781216606285,0.97438152116354
26897,0.0061124882738497,0.0228509005193505,0.9710366112068
26898,0.00285736039575896,0.0297793275922116,0.967363312012029
26899,0.00187772175469406,0.00937219528350038,0.988750082961806
26900,0.00245399549619559,0.0262454118429756,0.971300592660829
26901,0.00177899818446157,0.0194296720832769,0.978791329732262
26902,0.00352178873974405,0.0232016415110989,0.973276569749157
26903,0.00389791258603697,0.0272864536791088,0.968815633734854
26904,0.0101332277297517,0.200856515384518,0.78901025688573
26905,0.00767060685683417,0.0491589444539511,0.943170448689215
26906,0.00470327468754954,0.0615869552895143,0.933709770022936
26907,0.00479631240887558,0.0562850903709005,0.938918597220224
26908,0.00405169924829321,0.0610034559716125,0.934944844780094
26909,0.00371554710151749,0.0389460112638366,0.957338441634646
26910,0.00475213432300088,0.067103230128393,0.928144635548606
26911,0.00651362021140211,0.0353225973698157,0.958163782418782
26912,0.00477457004737929,0.0433631288029982,0.951862301149623
26913,0.00376767157638411,0.0471250309763154,0.9491072974473
26914,0.00375365343676417,0.0399720710199656,0.95627427554327
26915,0.00240273354818561,0.0185482004971767,0.979049065954638
26916,0.0243190744953469,0.451138632103923,0.52454229340073
26917,0.00576771597228559,0.032964462157598,0.961267821870117
26918,0.00326773493762364,0.0362209800026022,0.960511285059774
26919,0.00342264969799034,0.0200522575020656,0.976525092799944
26920,0.00572034489249762,0.0578818688443149,0.936397786263187
26921,0.00607967123260283,0.0531564768251758,0.940763851942221
26922,0.00500515038483273,0.122766463390818,0.87222838622435
26923,0.0027363116510867,0.0234995843841023,0.973764103964811
26924,0.00332423636687197,0.0440878571009999,0.952587906532128
26925,0.00458826220042748,0.0306314955619857,0.964780242237587
26926,0.00648735779560468,0.119461361895825,0.874051280308571
26927,0.00720988335415437,0.150730317221752,0.842059799424093
26928,0.011692111769686,0.215789793054251,0.772518095176063
26929,0.00367140958952397,0.0583961170042277,0.937932473406248
26930,0.00274349364556576,0.0266778795436792,0.970578626810755
26931,0.0197807713089472,0.36531181561888,0.614907413072173
26932,0.00856649090529225,0.0132221685156685,0.978211340579039
26933,0.0123450438048033,0.0192728796324495,0.968382076562747
26934,0.00511500932169575,0.023931834620737,0.970953156057567
26935,0.00680240704955323,0.133580507039375,0.859617085911072
26936,0.0055656839778994,0.053899383011517,0.940534933010584
26937,0.00671051452206734,0.0427241569541091,0.950565328523824
26938,0.0265770253516567,0.531526999483795,0.441895975164549
26939,0.00435166806784845,0.137065613462093,0.858582718470059
26940,0.00380147608616853,0.0311633080167045,0.965035215897127
26941,0.00293503319710754,0.028282177910258,0.968782788892634
26942,0.0041533597745904,0.0906989717718022,0.905147668453607
26943,0.00330320921893537,0.027284424755574,0.969412366025491
26944,0.0043727938594644,0.027708143632042,0.967919062508494
26945,0.00455450332587013,0.0621521643420119,0.933293332332118
26946,0.00752442959422884,0.0475567557032058,0.944918814702565
26947,0.00494034735133361,0.0685692256186451,0.926490427030021
26948,0.00609064442349968,0.0962783440859524,0.897631011490548
26949,0.00347022727894083,0.0582384947590318,0.938291277962027
26950,0.00486229833436579,0.0271724159888316,0.967965285676803
26951,0.0432147296499697,0.81798709230484,0.138798178045191
26952,0.00863576705042354,0.139618642395692,0.851745590553884
26953,0.0128139064213187,0.00459216480067188,0.98259392877801
26954,0.00587234107233996,0.0327845213083977,0.961343137619262
26955,0.00442942189986203,0.0414947677123544,0.954075810387784
26956,0.00357804118476922,0.0239355890947434,0.972486369720487
26957,0.00293931788894647,0.0346199183525652,0.962440763758488
26958,0.00309209893660559,0.040166776520888,0.956741124542506
26959,0.00155581583663181,0.0223308573348556,0.976113326828513
26960,0.00612123612249084,0.117583447222357,0.876295316655152
26961,0.00272313081614254,0.0308497791516941,0.966427090032163
26962,0.00232633552150921,0.0241208773968079,0.973552787081683
26963,0.00567870614931276,0.0363688080507198,0.957952485799968
26964,0.00432328164282192,0.0917787120533401,0.903898006303838
26965,0.00156718627932288,0.0161472640758126,0.982285549644864
26966,0.00334035717583167,0.0222781216606285,0.97438152116354
26967,0.00669065068144248,0.0609377248805484,0.932371624438009
26968,0.00996423956969231,0.0527149270784043,0.937320833351903
26969,0.00232681209420306,0.0336222180895086,0.964050969816288
26970,0.00286145817433717,0.0398365467017717,0.957301995123891
26971,0.00427543586257612,0.0427917553628222,0.952932808774602
26972,0.00417417761939675,0.0871304582863972,0.908695364094206
26973,0.00341379974132711,0.04566224951651,0.950923950742163
26974,0.00903309634063167,0.0698983261340214,0.921068577525347
26975,0.00468577029006145,0.0329460748879882,0.96236815482195
26976,0.0123498752039683,0.287424480200435,0.700225644595597
26977,0.00537394250880607,0.040609923322123,0.954016134169071
26978,0.00258340517851549,0.0261075942610378,0.971309000560447
26979,0.00599467805051905,0.0697113079835034,0.924294013965978
26980,0.00543296859312764,0.0508208482095603,0.943746183197312
26981,0.00349430907333942,0.0486824931694328,0.947823197757228
26982,0.0066850334164791,0.0896831147749787,0.903631851808542
26983,0.00295987375225515,0.0342164912643972,0.962823634983348
26984,0.00119118533036856,0.0165588272711262,0.982249987398505
26985,0.00430319861258525,0.0456812414808364,0.950015559906578
26986,0.00468457765200257,0.0215516374874052,0.973763784860592
26987,0.00464610127611084,0.0454482118234508,0.949905686900438
26988,0.00559406974793198,0.0324073066668408,0.961998623585227
26989,0.00305744564899538,0.0418006167461396,0.955141937604865
26990,0.00742437961772105,0.0327444731801314,0.959831147202148
26991,0.00245368097222902,0.0255968706027179,0.971949448425053
26992,0.00492988927400496,0.127312831743956,0.867757278982039
26993,0.00368800522725311,0.0605558753330245,0.935756119439722
26994,0.00417497002809102,0.018455457960316,0.977369572011593
26995,0.00231433283868332,0.0570461444942768,0.94063952266704
26996,0.00532869028394032,0.0432117702930546,0.951459539423005
26997,0.00388649825980269,0.0343628100751938,0.961750691665003
26998,0.00794795616477288,0.0550216224410113,0.937030421394216
26999,0.00437511351447514,0.0802614314405243,0.915363455045001
27000,0.00473607653928399,0.0342978788909987,0.960966044569717
27001,0.00484421106155482,0.0502214558711625,0.944934333067283
27002,0.00732389984283465,0.103875022999418,0.888801077157748
27003,0.0113788571499235,0.0634423493471666,0.92517879350291
27004,0.00276863321342657,0.0561029260474527,0.941128440739121
27005,0.00507724708979875,0.149958626034856,0.844964126875345
27006,0.00388770546501898,0.0237451244969356,0.972367170038046
27007,0.00836028222573583,0.135496264204058,0.856143453570206
27008,0.00260312310964707,0.0176249392293153,0.979771937661038
27009,0.00710377227923858,0.047651727765197,0.945244499955564
27010,0.00115810638405307,0.0344044125515753,0.964437481064372
27011,0.00243092073125584,0.0248207651687295,0.972748314100015
27012,0.00160471276341477,0.0225011079014883,0.975894179335097
27013,0.00202776388364376,0.0274423715137226,0.970529864602634
27014,0.00386062640759795,0.0592189880161014,0.936920385576301
27015,0.0173710698422166,0.138069646721039,0.844559283436744
27016,0.00507573576907148,0.0284868558227875,0.966437408408141
27017,0.00533484743750508,0.0466121307760876,0.948053021786407
27018,0.00375926593333419,0.039520766111203,0.956719967955463
27019,0.00224947299063665,0.0392383880750185,0.958512138934345
27020,0.00382200269990278,0.0206823283654055,0.975495668934692
27021,0.00460113905398125,0.0591204607676113,0.936278400178407
27022,0.00294838686715606,0.043018764992047,0.954032848140797
27023,0.00684135074859419,0.107543623973378,0.885615025278028
27024,0.00367408283473381,0.0378200129099823,0.958505904255284
27025,0.00418481071957761,0.0260640184717939,0.969751170808628
27026,0.00257633939041079,0.0541837205910596,0.94323994001853
27027,0.0022536854286229,0.0197392033553283,0.978007111216049
27028,0.00309619235152456,0.0180251216888161,0.978878685959659
27029,0.00399822533358648,0.0440842391150891,0.951917535551324
27030,0.0091924556948555,0.101776176981944,0.8890313673232
27031,0.00333701077439744,0.0569534643080666,0.939709524917536
27032,0.00386612106055661,0.0415728076961514,0.954561071243292
27033,0.00363341833895298,0.0228637518731656,0.973502829787881
27034,0.0118027492211841,0.0964892549319965,0.891707995846819
27035,0.00239639767399859,0.0234282406249206,0.974175361701081
27036,0.00450768762078344,0.0285936186871847,0.966898693692032
27037,0.00721631772015693,0.0581430258872135,0.93464065639263
27038,0.00273639270222729,0.0207598203787036,0.976503786919069
27039,0.00165602864500586,0.018217098053542,0.980126873301452
27040,0.00366454652274558,0.0432989989965213,0.953036454480733
27041,0.00719807148118238,0.0136434223436888,0.979158506175129
27042,0.0419000075300336,0.270057127087435,0.688042865382531
27043,0.00653706446351563,0.0263272012626236,0.967135734273861
27044,0.00468497137130602,0.0586657287530778,0.936649299875616
27045,0.003404867722751,0.0872920799130098,0.909303052364239
27046,0.00217604413783709,0.0209952452116226,0.97682871065054
27047,0.010520699906334,0.116397540952012,0.873081759141654
27048,0.0435736558647044,0.647498844129254,0.308927500006042
27049,0.00544289840087558,0.137623509472254,0.856933592126871
27050,0.00409909250126259,0.0983904676250157,0.897510439873722
27051,0.00408221457826856,0.0435397917233104,0.952377993698421
27052,0.00558203216606725,0.032354120138234,0.962063847695699
27053,0.00309991660464856,0.0649524602970422,0.931947623098309
27054,0.00589446158413913,0.0289604705271573,0.965145067888704
27055,0.0230549033464948,0.427699296966194,0.549245799687311
27056,0.0262498362635933,0.473055303468243,0.500694860268164
27057,0.0025353563956848,0.0333910428435166,0.964073600760799
27058,0.00285528217247563,0.0324797637050163,0.964664954122508
27059,0.00291245306479067,0.0454531627917237,0.951634384143486
27060,0.00848757797876799,0.134958581666807,0.856553840354425
27061,0.00212360004228,0.0108024209918581,0.987073978965862
27062,0.00191482377089785,0.0258856219443036,0.972199554284799
27063,0.00481210114277885,0.042698258140154,0.952489640717067
27064,0.000757834940334542,0.00561199169687106,0.993630173362794
27065,0.00341780266993777,0.0600145749643419,0.93656762236572
27066,0.00611907288057882,0.100085095118306,0.893795832001115
27067,0.00346823793591688,0.0458357292493243,0.950696032814759
27068,0.00491046804110277,0.0623015678719506,0.932787964086947
27069,0.00850049025608451,0.0608448569954529,0.930654652748463
27070,0.00543870728968075,0.067242700152807,0.927318592557512
27071,0.00724367244113665,0.0320728601015565,0.960683467457307
27072,0.00750745277268532,0.0497630618627246,0.94272948536459
27073,0.0076750249420704,0.0938691043270018,0.898455870730928
27074,0.00459244683266604,0.042577870921269,0.952829682246065
27075,0.00628217409445205,0.0633235228024413,0.930394303103107
27076,0.00436938147347113,0.0527678634494487,0.94286275507708
27077,0.0026474796333092,0.0219740967458842,0.975378423620807
27078,0.00471055852037269,0.0660355146973855,0.929253926782242
27079,0.00936315376939676,0.043216606283552,0.947420239947051
27080,0.00505930269206461,0.0285773096823162,0.966363387625619
27081,0.00438703924001805,0.041937136934636,0.953675823825346
27082,0.00570699385560188,0.0361348638339221,0.958158142310476
27083,0.00887514309524623,0.052737351771295,0.938387505133459
27084,0.00577605705012822,0.057578382285844,0.936645560664028
27085,0.00464408764041902,0.0236753969960152,0.971680515363566
27086,0.00878464595151779,0.0526702062195492,0.938545147828933
27087,0.00264294849844011,0.0405490243349783,0.956808027166582
27088,0.00304493193851834,0.0172738031697602,0.979681264891721
27089,0.0043552033134974,0.0274463438415441,0.968198452844959
27090,0.00255108124230811,0.0281503503813729,0.969298568376319
27091,0.0044855434071584,0.116092802896436,0.879421653696405
27092,0.0167028642591585,0.233936320107216,0.749360815633626
27093,0.00312782847287365,0.0778997378676803,0.918972433659446
27094,0.00733074821404392,0.0364740466773619,0.956195205108594
27095,0.00262919539537552,0.0353853023911016,0.961985502213523
27096,0.00391117547452662,0.0281176976499369,0.967971126875537
