"index","0","1","2"
26457,0.0891855435032657,0.0946056737222654,0.816208782774469
26458,0.118526596579697,0.193729894562524,0.687743508857779
26459,0.105653541340524,0.188531972095872,0.705814486563604
26460,0.10778042011208,0.129613644773124,0.762605935114796
26461,0.145677552679194,0.306892550558607,0.547429896762199
26462,0.135193936929868,0.359797663595153,0.505008399474979
26463,0.166991240053862,0.259012109758306,0.573996650187832
26464,0.139139795148029,0.341617960215134,0.519242244636837
26465,0.109456200763385,0.215710727337558,0.674833071899057
26466,0.111168324167153,0.249518729226161,0.639312946606686
26467,0.0941890278805736,0.187995206436734,0.717815765682693
26468,0.104953096605026,0.180612119741977,0.714434783652998
26469,0.128466297113454,0.199989709132468,0.671543993754078
26470,0.106114512702979,0.186642635599269,0.707242851697752
26471,0.0943689590999817,0.120055208137697,0.785575832762322
26472,0.138908132681637,0.269363427668476,0.591728439649887
26473,0.131041008147201,0.247462231852779,0.621496760000019
26474,0.127131980603898,0.378747711477299,0.494120307918803
26475,0.100410837752491,0.185673487871657,0.713915674375852
26476,0.0931037430018907,0.143765492455208,0.763130764542902
26477,0.144416668490173,0.337034273169147,0.518549058340681
26478,0.129300788211946,0.20596528689139,0.664733924896664
26479,0.101188686853719,0.141395455894477,0.757415857251805
26480,0.13928136880922,0.185538684611265,0.675179946579515
26481,0.136745116745151,0.239087055160179,0.624167828094671
26482,0.108701719825292,0.174585674015555,0.716712606159153
26483,0.116451996540468,0.236429135657544,0.647118867801987
26484,0.129113691421256,0.362890532676913,0.507995775901831
26485,0.104891180408415,0.169544463903645,0.725564355687941
26486,0.137193858188835,0.34840077208121,0.514405369729955
26487,0.122566722067323,0.192813365678584,0.684619912254093
26488,0.136960051841523,0.350519101736828,0.51252084642165
26489,0.113763942816552,0.27490027754607,0.611335779637378
26490,0.125028071044709,0.31029705672548,0.564674872229811
26491,0.105010429137037,0.175112395609161,0.719877175253802
26492,0.107051890381424,0.129925046855868,0.763023062762708
26493,0.130005923746177,0.383283418960152,0.486710657293671
26494,0.111564591074541,0.184655860256752,0.703779548668707
26495,0.111533975247957,0.257446043772633,0.63101998097941
26496,0.123250558172724,0.374448924632629,0.502300517194646
26497,0.102196587296275,0.147889851843563,0.749913560860163
26498,0.140900855068482,0.371539541179017,0.487559603752501
26499,0.109091637960277,0.17766847041966,0.713239891620063
26500,0.148883065956143,0.247526064221066,0.603590869822792
26501,0.1361033969723,0.147057598227078,0.716839004800622
26502,0.107220611919861,0.192039522440297,0.700739865639842
26503,0.158030841174824,0.292402910181692,0.549566248643483
26504,0.138218412493709,0.296914448154261,0.56486713935203
26505,0.0985637978555996,0.115161051729588,0.786275150414812
26506,0.182953372589739,0.323969058760864,0.493077568649397
26507,0.139985830345291,0.34562946302027,0.514384706634439
26508,0.112012206561629,0.15151135871082,0.736476434727551
26509,0.135005817122809,0.242251953566379,0.622742229310812
26510,0.0953147787383348,0.144758072772371,0.759927148489294
26511,0.128682608521524,0.194419236508423,0.676898154970052
26512,0.131048517611358,0.259903635580476,0.609047846808166
26513,0.0945986540132305,0.190170982872105,0.715230363114664
26514,0.10764760186765,0.150967176643417,0.741385221488934
26515,0.108257467429229,0.170016868415758,0.721725664155013
26516,0.120193845795473,0.321742049882025,0.558064104322502
26517,0.146051320361562,0.391380436558851,0.462568243079586
26518,0.100126895709514,0.153347456233384,0.746525648057102
26519,0.0815337726631347,0.121908222126535,0.79655800521033
26520,0.122465798224603,0.346058274613539,0.531475927161858
26521,0.148671166754624,0.279988941501989,0.571339891743387
26522,0.125231538668318,0.397292320623825,0.477476140707857
26523,0.11773228276988,0.23524680120913,0.64702091602099
26524,0.121961101565245,0.386500904170706,0.491537994264049
26525,0.126689979788203,0.262070143242384,0.611239876969413
26526,0.11392661338787,0.233025182998022,0.653048203614107
26527,0.10020123033846,0.120849691329489,0.778949078332051
26528,0.134301745095868,0.37551481935408,0.490183435550052
26529,0.113189994041596,0.168365164120675,0.718444841837729
26530,0.0896781554796565,0.139292785347871,0.771029059172472
26531,0.114054221750947,0.16515947119683,0.720786307052223
26532,0.105204086264632,0.161217905354609,0.733578008380758
26533,0.122099701664503,0.271599505049946,0.606300793285551
26534,0.121684593822202,0.25313965935085,0.625175746826948
26535,0.101020548475075,0.134281804894246,0.764697646630679
26536,0.129218206446495,0.256186468163335,0.614595325390171
26537,0.116271489114698,0.226952138275239,0.656776372610064
26538,0.121007440430342,0.326459496747311,0.552533062822346
26539,0.0904929619413062,0.113656924197204,0.79585011386149
26540,0.124394211813803,0.353678991961114,0.521926796225084
26541,0.128606941096281,0.220028601327882,0.651364457575836
26542,0.0984098766455821,0.176570447645269,0.725019675709149
26543,0.126572070802534,0.2892409639063,0.584186965291166
26544,0.141257737660798,0.258864052949738,0.599878209389464
26545,0.114542229469312,0.192387599601674,0.693070170929014
26546,0.116083372604567,0.323150282234274,0.560766345161159
26547,0.131991778224649,0.196353455345893,0.671654766429458
26548,0.116548563299181,0.193168389278488,0.69028304742233
26549,0.131509089608959,0.37382422769038,0.49466668270066
26550,0.12698281803151,0.25553542935893,0.61748175260956
26551,0.115672787927623,0.149812497625991,0.734514714446386
26552,0.0987491624653866,0.151631088390771,0.749619749143843
26553,0.113636165817953,0.114349523817672,0.772014310364375
26554,0.131221964570171,0.338615033756924,0.530163001672905
26555,0.123773544660308,0.2894611334935,0.586765321846192
26556,0.111228967186424,0.1653051981407,0.723465834672875
26557,0.129642800498141,0.266817783282884,0.603539416218974
26558,0.12216133600488,0.262224704772435,0.615613959222685
26559,0.101189433764917,0.142791484082082,0.756019082153001
26560,0.0995902543721123,0.161080034619822,0.739329711008066
26561,0.0986062968178235,0.163533574700231,0.737860128481945
26562,0.118432613465611,0.194968356366436,0.686599030167953
26563,0.0812216436508647,0.0921541463230991,0.826624210026036
26564,0.126137835291993,0.240156010662783,0.633706154045224
26565,0.123071340083061,0.285431995606708,0.591496664310232
26566,0.131996569728046,0.260011304438103,0.60799212583385
26567,0.129218068004311,0.298811021081514,0.571970910914175
26568,0.159140570995859,0.32258735259062,0.518272076413521
26569,0.122852223218457,0.331334311471897,0.545813465309646
26570,0.152123429197833,0.271356477765718,0.576520093036449
26571,0.130902295742698,0.179131498381813,0.689966205875489
26572,0.141356889944024,0.34124295860652,0.517400151449457
26573,0.104040422951522,0.120055756220451,0.775903820828027
26574,0.147307482262297,0.221477977950974,0.631214539786729
26575,0.130410186639151,0.296711373677119,0.572878439683729
26576,0.132990224310792,0.234995613833502,0.632014161855706
26577,0.104614789460745,0.160314238521461,0.735070972017794
26578,0.139038689877053,0.339136737848439,0.521824572274508
26579,0.135060754250852,0.411251964564177,0.453687281184971
26580,0.122341402905759,0.309934738761411,0.56772385833283
26581,0.144290880736227,0.276206704543356,0.579502414720418
26582,0.130031882543108,0.228476400822697,0.641491716634195
26583,0.131810379112219,0.245877604644717,0.622312016243064
26584,0.119906819582177,0.30151941258428,0.578573767833543
26585,0.145482703842473,0.300570931043482,0.553946365114045
26586,0.104700477497042,0.150721958686623,0.744577563816334
26587,0.125188422174606,0.326099972939467,0.548711604885926
26588,0.0914225565387565,0.105463475398966,0.803113968062277
26589,0.0881662926602324,0.147121606455413,0.764712100884355
26590,0.125532685467241,0.245110900247745,0.629356414285015
26591,0.141563663948476,0.359319063821493,0.499117272230031
26592,0.153138201326457,0.260493636166038,0.586368162507505
26593,0.101010241313396,0.150739290452461,0.748250468234143
26594,0.117671477106657,0.243075325760876,0.639253197132467
26595,0.120060776319508,0.188333160350169,0.691606063330323
26596,0.116592402489697,0.217757241981413,0.66565035552889
26597,0.145525321230564,0.330890896734413,0.523583782035024
26598,0.124890151488476,0.219635032708674,0.655474815802849
26599,0.140459826474463,0.273657070879603,0.585883102645935
26600,0.115527887348691,0.190912322593876,0.693559790057433
26601,0.125027895446067,0.264744609537503,0.61022749501643
26602,0.108079887416442,0.109579295378732,0.782340817204826
26603,0.139703963090898,0.289492489660693,0.570803547248409
26604,0.113778132219995,0.262812695408673,0.623409172371332
26605,0.0928695385758733,0.130659088076488,0.776471373347638
26606,0.129281600743027,0.272744655066619,0.597973744190353
26607,0.146620706741134,0.323408832058775,0.529970461200091
26608,0.0916402813658379,0.154473510076183,0.753886208557979
26609,0.125451462615063,0.19572684214938,0.678821695235557
26610,0.144661474796453,0.360043104403058,0.49529542080049
26611,0.116829449392817,0.172813071329128,0.710357479278054
26612,0.125641992267668,0.196975187748534,0.677382819983798
26613,0.130012975379624,0.209431768779992,0.660555255840384
26614,0.115940525020944,0.262921462538237,0.621138012440819
26615,0.168100444735669,0.242948676615414,0.588950878648918
26616,0.102336700323466,0.13884460687705,0.758818692799483
26617,0.150764268966861,0.279282726411743,0.569953004621396
26618,0.134257278554712,0.304404469702341,0.561338251742947
26619,0.126987363617304,0.383497278312149,0.489515358070547
26620,0.139480417527255,0.342873643936425,0.51764593853632
26621,0.120247254039527,0.190737254768984,0.689015491191489
26622,0.137295439170559,0.293715929022237,0.568988631807204
26623,0.124891050597604,0.278325587476732,0.596783361925664
26624,0.0916193337313299,0.126710538097233,0.781670128171437
26625,0.123741955924684,0.233113253046463,0.643144791028853
26626,0.135463506220223,0.285805259656596,0.578731234123181
26627,0.110152652647395,0.212843472033824,0.677003875318781
26628,0.140957865291364,0.260820183264727,0.598221951443908
26629,0.112752894488677,0.15183624263049,0.735410862880832
26630,0.124794366601793,0.350898590354167,0.524307043044039
26631,0.146374526798786,0.140621365502771,0.713004107698443
26632,0.0890007331919332,0.0923521069055566,0.81864715990251
26633,0.0980051923949369,0.145954849245654,0.75603995835941
26634,0.125595232227885,0.252299813869873,0.622104953902242
26635,0.116562096891033,0.217941001348777,0.665496901760189
26636,0.116251572717683,0.278491285781077,0.60525714150124
26637,0.11605250195992,0.158922422346278,0.725025075693802
26638,0.121697384075373,0.209807407016355,0.668495208908272
26639,0.112089024587001,0.209285567226806,0.678625408186193
26640,0.103135387294579,0.208179919238763,0.688684693466658
26641,0.14313298201909,0.218013217626607,0.638853800354303
26642,0.128882822106707,0.195439850965947,0.675677326927346
26643,0.12239083078878,0.252085161209132,0.625524008002088
26644,0.0702713155047431,0.106583382751214,0.823145301744043
26645,0.111046208409369,0.215633972869251,0.67331981872138
26646,0.143865795288189,0.228625116661384,0.627509088050427
26647,0.123196859186581,0.233968108943075,0.642835031870344
26648,0.119018649525067,0.140637458948351,0.740343891526582
26649,0.131860360471752,0.239368077671576,0.628771561856672
26650,0.131798365818526,0.342162557483095,0.526039076698379
26651,0.136867195259931,0.444924687163382,0.418208117576687
26652,0.134256841001571,0.285190844120702,0.580552314877727
26653,0.124850803744831,0.155846377662564,0.719302818592605
26654,0.124752448179575,0.280732833374938,0.594514718445487
26655,0.111118244409517,0.214811938204557,0.674069817385926
26656,0.136483338446021,0.320871125723623,0.542645535830356
26657,0.0923182958524003,0.104169301137874,0.803512403009726
26658,0.123273571864894,0.268790298302776,0.60793612983233
26659,0.147045410496218,0.324957510990529,0.527997078513253
26660,0.112223444015624,0.160163945979732,0.727612610004644
26661,0.130438201153962,0.338342297200059,0.531219501645979
26662,0.119109123263231,0.310864028815182,0.570026847921587
26663,0.126793618114057,0.228946477647649,0.644259904238294
26664,0.124948201196862,0.360436031618819,0.514615767184319
26665,0.110625134755012,0.230605089481678,0.65876977576331
26666,0.1094684176524,0.252673779286958,0.637857803060642
26667,0.0914210882108189,0.109574206905503,0.799004704883678
26668,0.129925116593759,0.239069907125553,0.631004976280688
26669,0.115976803864903,0.26500769060545,0.619015505529647
26670,0.124271343588916,0.343981038077567,0.531747618333517
26671,0.109828741403769,0.158657231805664,0.731514026790567
26672,0.125022085757313,0.280207879154104,0.594770035088584
26673,0.0957165396747891,0.13623938174334,0.768044078581871
26674,0.098546786643749,0.114953029062092,0.786500184294159
26675,0.113467662568988,0.230679069062852,0.65585326836816
26676,0.132448204864532,0.354102066615087,0.513449728520381
26677,0.101919846483165,0.186973565968812,0.711106587548024
26678,0.0944574535541012,0.157352127237261,0.748190419208638
26679,0.139782807442442,0.225249615353136,0.634967577204421
26680,0.0958082710333323,0.186049216683478,0.718142512283189
26681,0.141325685186906,0.274043113620193,0.584631201192901
26682,0.133214494544342,0.337538780979502,0.529246724476155
26683,0.13021639517307,0.237489478955404,0.632294125871526
26684,0.100223904175627,0.128249832315418,0.771526263508955
26685,0.114720671072872,0.316270418890684,0.569008910036444
26686,0.112965663819919,0.236171337923081,0.650862998257001
26687,0.138414312710832,0.310981340581799,0.550604346707369
26688,0.138337229172585,0.302238853365402,0.559423917462013
26689,0.0994599884940429,0.130342178620525,0.770197832885432
26690,0.125981990440838,0.212914452170308,0.661103557388854
26691,0.145527036403796,0.343545182257918,0.510927781338286
26692,0.117894120101249,0.244494493812642,0.637611386086109
26693,0.115974477842568,0.325947756308966,0.558077765848466
26694,0.127945260238203,0.380186450158196,0.491868289603601
26695,0.14130188733577,0.297211116515483,0.561486996148747
26696,0.126135788095314,0.225031220046863,0.648832991857823
26697,0.118023557451073,0.196401371601229,0.685575070947698
26698,0.0916610645496934,0.169720197404457,0.738618738045849
26699,0.151369722786135,0.275561948589339,0.573068328624527
26700,0.101974118532635,0.145055220375038,0.752970661092327
26701,0.132020505110051,0.311539884056603,0.556439610833346
26702,0.129237201045574,0.378805286090914,0.491957512863513
26703,0.109565406479626,0.235472928503225,0.654961665017149
26704,0.126770554753089,0.261673105976588,0.611556339270324
26705,0.125916938722999,0.206729294340465,0.667353766936536
26706,0.0838468063300023,0.120696424773467,0.795456768896531
26707,0.109204093195358,0.154386114332737,0.736409792471905
26708,0.106365545092717,0.155081339533285,0.738553115373998
26709,0.0990054737586561,0.116314418718628,0.784680107522716
26710,0.140091228882206,0.323147598699234,0.536761172418559
26711,0.123396666234516,0.237163078028744,0.63944025573674
26712,0.106070557805736,0.129205800537216,0.764723641657048
26713,0.153371064435037,0.291651150718566,0.554977784846397
26714,0.132628469926522,0.287151588447517,0.580219941625961
26715,0.112657667929651,0.181125992814252,0.706216339256097
26716,0.102386622956299,0.179426689357926,0.718186687685774
26717,0.132948137422764,0.258290346071073,0.608761516506163
26718,0.13073471423778,0.252073479286158,0.617191806476062
26719,0.14719718991415,0.291485367388456,0.561317442697394
26720,0.0899386377396743,0.148734284318524,0.761327077941802
26721,0.115940895079411,0.237178718482913,0.646880386437676
26722,0.153958084519699,0.280294057456021,0.56574785802428
26723,0.128723818981605,0.275002613539331,0.596273567479063
26724,0.142417412183454,0.156359471382923,0.701223116433623
26725,0.13842932135141,0.358245160114437,0.503325518534153
26726,0.10735995554774,0.202929737563341,0.689710306888919
26727,0.121057028096636,0.311052621730106,0.567890350173258
26728,0.134469356777017,0.327895034221636,0.537635609001346
26729,0.100274751709838,0.155276015945763,0.744449232344399
26730,0.123874421771018,0.203620023909423,0.672505554319559
26731,0.134879079724853,0.196441139326808,0.668679780948339
26732,0.152035747684475,0.285799540574842,0.562164711740683
26733,0.0989854029079973,0.110160465643737,0.790854131448266
26734,0.0924707480619149,0.101495185246199,0.806034066691887
26735,0.132094663638281,0.33667195398284,0.53123338237888
26736,0.102804209541774,0.143842247995849,0.753353542462376
26737,0.0852310467771291,0.114981970990217,0.799786982232654
26738,0.101849113496765,0.153468699415788,0.744682187087447
26739,0.140103081522169,0.236874068325013,0.623022850152818
26740,0.117023303081593,0.272545354586402,0.610431342332005
26741,0.148304332934383,0.360790021788233,0.490905645277385
26742,0.0964756295806798,0.145102438082116,0.758421932337204
26743,0.126160803881891,0.232835023931475,0.641004172186634
26744,0.0914279554933059,0.138947260596903,0.769624783909791
26745,0.0954244027309895,0.134049593397474,0.770526003871537
26746,0.0982552622924905,0.173796575423213,0.727948162284297
26747,0.1260839932314,0.321495775316205,0.552420231452395
26748,0.150212937153022,0.327127419737221,0.522659643109757
26749,0.111436176116565,0.157755684889185,0.73080813899425
26750,0.136157950983744,0.250891115819354,0.612950933196902
26751,0.123208525358679,0.219408041244696,0.657383433396625
26752,0.133079357400844,0.335891873706021,0.531028768893136
26753,0.0881813095420162,0.1564800421577,0.755338648300284
26754,0.120211083231033,0.275290087455602,0.604498829313365
26755,0.12655544628043,0.19191818129279,0.68152637242678
26756,0.130815951013444,0.212683023562811,0.656501025423745
26757,0.12304894478531,0.216501658975197,0.660449396239493
26758,0.126335887347298,0.201086458230342,0.67257765442236
26759,0.108392571036552,0.179738208798833,0.711869220164616
26760,0.126682428762022,0.318798540036476,0.554519031201502
26761,0.13172665827264,0.288650043579436,0.579623298147925
26762,0.106769755365225,0.200046430877715,0.693183813757061
26763,0.0992352572081721,0.154914042273432,0.745850700518396
26764,0.117828286517855,0.206090744005973,0.676080969476172
26765,0.114223879914395,0.154058886828815,0.73171723325679
26766,0.132912093790118,0.144625510991298,0.722462395218584
26767,0.131006432721805,0.277202215990778,0.591791351287417
26768,0.120239105640622,0.35630505858466,0.523455835774718
26769,0.1166101294445,0.200554237320437,0.682835633235062
26770,0.113423086329092,0.239780006325228,0.646796907345681
26771,0.134840640673406,0.405613565370373,0.459545793956221
26772,0.111347174516313,0.166865173444182,0.721787652039505
26773,0.139489871897486,0.150856800314595,0.709653327787919
26774,0.127330880329484,0.213475172825237,0.659193946845279
26775,0.104690302346161,0.213842766416072,0.681466931237767
26776,0.111024652087455,0.20299742295822,0.685977924954325
26777,0.110728687393282,0.0727218702723075,0.816549442334411
26778,0.131685400377632,0.243811383886845,0.624503215735523
26779,0.116918979759474,0.223482166752167,0.65959885348836
26780,0.118471396525118,0.157932935037751,0.723595668437131
26781,0.10740831202595,0.176743248020969,0.715848439953081
26782,0.132658320081132,0.25474546963273,0.612596210286137
26783,0.137861380128266,0.274450120890861,0.587688498980873
26784,0.137923748555931,0.181658162956718,0.68041808848735
26785,0.144146059133115,0.293645933881491,0.562208006985394
26786,0.152754154658789,0.249827742642106,0.597418102699104
26787,0.146902735737422,0.267186987416906,0.585910276845673
26788,0.11755795075393,0.228895054378059,0.653546994868011
26789,0.135523852163343,0.323687497841733,0.540788649994924
26790,0.140164547080219,0.288829620577283,0.571005832342498
26791,0.091898613228066,0.117624028919253,0.790477357852681
26792,0.12997443164094,0.318017778334035,0.552007790025025
26793,0.143839360241758,0.247560205614572,0.60860043414367
26794,0.134708678508613,0.300306655366173,0.564984666125214
26795,0.0973602928352671,0.132420006613674,0.770219700551059
26796,0.156857893783384,0.307555019318187,0.535587086898429
26797,0.131216420075797,0.300781583144102,0.568001996780101
26798,0.0894395766117129,0.110391243857395,0.800169179530892
26799,0.115137716570669,0.171028634240188,0.713833649189143
26800,0.148105423947161,0.342854815140591,0.509039760912248
26801,0.12284094778035,0.208736696540407,0.668422355679243
26802,0.138935546406843,0.283195253955337,0.57786919963782
26803,0.109059247680331,0.210213143089814,0.680727609229855
26804,0.118053145536214,0.227161470571609,0.654785383892176
26805,0.130529971637834,0.311476300806346,0.55799372755582
26806,0.102564607018571,0.175839555935767,0.721595837045663
26807,0.106904435653909,0.204760791617594,0.688334772728498
26808,0.0954949695354052,0.161582166010133,0.742922864454461
26809,0.143897892275497,0.285583592608658,0.570518515115845
26810,0.0985579508370815,0.193566794493436,0.707875254669482
26811,0.0823289709204738,0.141923446416322,0.775747582663204
26812,0.133568051313652,0.343149302186777,0.523282646499571
26813,0.148381109826483,0.333283524566492,0.518335365607025
26814,0.137613407270019,0.249756481901292,0.61263011082869
26815,0.116886874198737,0.248943654713827,0.634169471087435
26816,0.127055190877505,0.262978662420995,0.6099661467015
26817,0.091173385135415,0.111189621479404,0.797636993385181
26818,0.114631966810808,0.19934317850616,0.686024854683033
26819,0.132321038589444,0.22944380029962,0.638235161110935
26820,0.131471394500835,0.366664722377419,0.501863883121746
26821,0.142144802200603,0.301811319762837,0.55604387803656
26822,0.130948198858622,0.26677677138172,0.602275029759659
26823,0.122369659564527,0.320418724447224,0.55721161598825
26824,0.112838659446135,0.194760134029926,0.69240120652394
26825,0.113669432720996,0.130185414549938,0.756145152729066
26826,0.107370400805767,0.224528088732389,0.668101510461844
26827,0.124503383649308,0.252240256387029,0.623256359963664
26828,0.120843124059162,0.253705624498465,0.625451251442373
26829,0.117912083936552,0.2062695754652,0.675818340598248
26830,0.130464231580318,0.18859931408476,0.680936454334922
26831,0.133327228960327,0.285722972887487,0.580949798152186
26832,0.0944892562114979,0.10667313958508,0.798837604203422
26833,0.118541057029667,0.178207456654142,0.703251486316192
26834,0.114028733015558,0.202700669754637,0.683270597229805
26835,0.14263792234078,0.262729843289308,0.594632234369912
26836,0.151184452140663,0.332268138642938,0.516547409216399
26837,0.137472014084301,0.233712017897719,0.62881596801798
26838,0.100721593454008,0.15534834506257,0.743930061483422
26839,0.131967075530292,0.261803450736784,0.606229473732925
26840,0.133702113454087,0.380808371041698,0.485489515504215
26841,0.135358278913091,0.24281011263692,0.621831608449989
26842,0.114521269269125,0.334296046419513,0.551182684311362
26843,0.123739944518865,0.230792538750945,0.64546751673019
26844,0.11548041979194,0.306848376652415,0.577671203555645
26845,0.13715647048299,0.233833859482087,0.629009670034923
26846,0.111984566670291,0.219943470653079,0.66807196267663
26847,0.135819951201737,0.332333019251279,0.531847029546984
26848,0.137121784708132,0.295652080757095,0.567226134534773
26849,0.135615800738194,0.306961572469093,0.557422626792714
26850,0.112990312310155,0.241483485663385,0.64552620202646
26851,0.115500636982846,0.174455558831594,0.71004380418556
26852,0.125646075287725,0.296885280041355,0.57746864467092
26853,0.101520768252112,0.184854589946548,0.71362464180134
26854,0.12037645709287,0.393495881803409,0.486127661103721
26855,0.114002164164938,0.250975782585546,0.635022053249516
26856,0.122084352090881,0.28036704287784,0.597548605031279
26857,0.134235783635703,0.297999558192811,0.567764658171487
26858,0.121429143389453,0.321530432702549,0.557040423907998
26859,0.125952067270332,0.229308402598399,0.644739530131269
26860,0.106052956314759,0.204682137146159,0.689264906539082
26861,0.145727401433463,0.279404806463335,0.574867792103202
26862,0.124923691400762,0.246784568584882,0.628291740014356
26863,0.0962967165715895,0.15896227321596,0.744741010212451
26864,0.14877723994207,0.312619760692148,0.538602999365782
26865,0.13770384072626,0.138431037800013,0.723865121473727
26866,0.103035737300855,0.170618131272298,0.726346131426847
26867,0.0870975381449678,0.0985707023589888,0.814331759496043
26868,0.111797620072163,0.170817871326586,0.717384508601251
26869,0.0745360821001445,0.0485785896615197,0.876885328238336
26870,0.128788014701172,0.176214215372269,0.694997769926559
26871,0.138868327108608,0.314247657565215,0.546884015326177
26872,0.0977821067012267,0.1672069664294,0.735010926869373
26873,0.118071226527802,0.341421074271472,0.540507699200727
26874,0.100047035321789,0.162035194289673,0.737917770388538
26875,0.115099935182309,0.222365301682312,0.662534763135379
26876,0.0924277460477206,0.157189687338738,0.750382566613541
26877,0.111206146167322,0.159865466246604,0.728928387586074
26878,0.0893144028154164,0.0920853726953545,0.818600224489229
26879,0.134153665934276,0.260651501292354,0.605194832773371
26880,0.130149997996404,0.262187154348664,0.607662847654932
26881,0.11184942622998,0.152237096279467,0.735913477490552
26882,0.13145552347104,0.303254707342388,0.565289769186572
26883,0.0814944211706609,0.119038026178802,0.799467552650537
26884,0.108152158978638,0.201762903702542,0.690084937318821
26885,0.134804104963575,0.310102301222679,0.555093593813746
26886,0.120406768127158,0.283651356997731,0.595941874875111
26887,0.166689445272241,0.303430778412885,0.529879776314874
26888,0.123249978706771,0.214586521548088,0.662163499745141
26889,0.137101548566685,0.32252082639714,0.540377625036175
26890,0.142180488922417,0.282205336049685,0.575614175027897
26891,0.117466465314053,0.258989064291199,0.623544470394749
26892,0.104151870491634,0.137883663656577,0.75796446585179
26893,0.0923149389498983,0.179796124031061,0.727888937019041
26894,0.120514729552205,0.225326590045842,0.654158680401954
26895,0.12395507289346,0.244497814599509,0.631547112507032
26896,0.106819080982881,0.147767339925292,0.745413579091826
26897,0.120431342508866,0.187015679416641,0.692552978074493
26898,0.101158014751802,0.171718706751243,0.727123278496955
26899,0.134636031629168,0.214926458064453,0.65043751030638
26900,0.126226018197311,0.213111014812913,0.660662966989776
26901,0.123795549146465,0.195776953086491,0.680427497767044
26902,0.123667074574928,0.239737570730823,0.636595354694249
26903,0.130177421258019,0.26468618616099,0.605136392580991
26904,0.143027812603972,0.315931328722206,0.541040858673823
26905,0.0853293471308389,0.117093911701824,0.797576741167337
26906,0.156041528193223,0.338421402779685,0.505537069027092
26907,0.113562563972121,0.221621001588174,0.664816434439705
26908,0.10743910274291,0.192383539367713,0.700177357889378
26909,0.146461091498523,0.332893923726359,0.520644984775118
26910,0.138416926819376,0.294896269503239,0.566686803677384
26911,0.126288136359203,0.279619287233217,0.59409257640758
26912,0.123877851695949,0.3093148440664,0.566807304237651
26913,0.138989635888808,0.311176469083098,0.549833895028095
26914,0.121359418169749,0.228109276601363,0.650531305228888
26915,0.0876901786480841,0.0882343151101156,0.8240755062418
26916,0.164481062842484,0.344327235879496,0.49119170127802
26917,0.112990439670932,0.17819637395,0.708813186379069
26918,0.104711688975563,0.161059176016719,0.734229135007718
26919,0.0876742083825546,0.0894794393721111,0.822846352245334
26920,0.13092729199681,0.253967016698501,0.615105691304689
26921,0.133160642549929,0.149223226345546,0.717616131104525
26922,0.126609540688416,0.357438606747139,0.515951852564445
26923,0.111037401558422,0.169081471290084,0.719881127151494
26924,0.136680666210465,0.312189224842025,0.55113010894751
26925,0.126292553149611,0.219376296832725,0.654331150017664
26926,0.122369493241753,0.393095862994911,0.484534643763336
26927,0.113432961150139,0.31215251400258,0.574414524847282
26928,0.148856452379582,0.320440152606696,0.530703395013722
26929,0.128988143263598,0.326778633008568,0.544233223727834
26930,0.12368307168455,0.247386619719623,0.628930308595826
26931,0.152179896216854,0.333977610657356,0.51384249312579
26932,0.0997617207744924,0.109312558562416,0.790925720663092
26933,0.117613177869889,0.174147377383271,0.70823944474684
26934,0.115177322156081,0.211742894714938,0.673079783128981
26935,0.13379879445382,0.351447169451546,0.514754036094634
26936,0.115133230765727,0.22687188829672,0.657994880937552
26937,0.143263636977841,0.280833929007956,0.575902434014203
26938,0.137319228296975,0.316358896373325,0.546321875329701
26939,0.145869632570673,0.381982018607532,0.472148348821796
26940,0.0827368635102226,0.121501607261641,0.795761529228136
26941,0.0880128802402397,0.107211628251969,0.804775491507792
26942,0.103614208472636,0.240169121694166,0.656216669833198
26943,0.125338803285156,0.239090024097695,0.635571172617149
26944,0.11839113622977,0.256092807191509,0.625516056578722
26945,0.137158302757667,0.295860407410919,0.566981289831414
26946,0.116279333593151,0.207342939767807,0.676377726639042
26947,0.144015867045307,0.350714395261625,0.505269737693068
26948,0.137422596315583,0.320134788084838,0.542442615599579
26949,0.110890444753258,0.197296896328433,0.691812658918309
26950,0.138994943376953,0.242244180117065,0.618760876505982
26951,0.0768900264620793,0.116109098329345,0.807000875208576
26952,0.146447263108144,0.336298475778958,0.517254261112898
26953,0.165772982930035,0.195787383940789,0.638439633129176
26954,0.126466548545786,0.246390464703387,0.627142986750828
26955,0.0997851188971782,0.143211980306319,0.757002900796503
26956,0.156440025581882,0.205796526974319,0.637763447443799
26957,0.136192886451346,0.277006670009958,0.586800443538696
26958,0.128030285873432,0.271156136272146,0.600813577854422
26959,0.154388398816764,0.29161243777468,0.553999163408556
26960,0.121231465554213,0.375317059608627,0.50345147483716
26961,0.123481140854996,0.22410322425127,0.652415634893735
26962,0.0993347330662908,0.173271519382185,0.727393747551524
26963,0.115974477842568,0.325947756308966,0.558077765848466
26964,0.0918211263317797,0.158987012391083,0.749191861277137
26965,0.0979340507850981,0.124619684433006,0.777446264781895
26966,0.106819080982881,0.147767339925292,0.745413579091826
26967,0.142794497677716,0.283849192569849,0.573356309752435
26968,0.124259314089806,0.172537215734987,0.703203470175206
26969,0.120903996273304,0.210619350130635,0.66847665359606
26970,0.0980602403391357,0.176297117437906,0.725642642222959
26971,0.136690882138426,0.296160042441753,0.567149075419821
26972,0.138633684810281,0.359420605296849,0.50194570989287
26973,0.114384278163896,0.211493339795825,0.674122382040279
26974,0.093190427099632,0.121774617571119,0.785034955329249
26975,0.101501861648181,0.127828307401025,0.770669830950794
26976,0.13481871105658,0.364540615807813,0.500640673135607
26977,0.127383474842871,0.211383399890936,0.661233125266193
26978,0.105536338793516,0.165161729081834,0.72930193212465
26979,0.124072929009005,0.367289416452387,0.508637654538608
26980,0.118787778585134,0.232928832412701,0.648283389002165
26981,0.111631131935566,0.270291604241932,0.618077263822501
26982,0.12886452045755,0.248071217136866,0.623064262405584
26983,0.132199499964014,0.29680260450874,0.570997895527246
26984,0.167543404502555,0.21631301861247,0.616143576884975
26985,0.132534428677497,0.352362607737006,0.515102963585498
26986,0.106450567214266,0.17227699137727,0.721272441408464
26987,0.133842043461941,0.27525716994115,0.590900786596909
26988,0.10869768970755,0.13554908545358,0.75575322483887
26989,0.0862322915547797,0.141224080214977,0.772543628230244
26990,0.106631474071674,0.183589974028631,0.709778551899695
26991,0.136837510508128,0.252654198543485,0.610508290948387
26992,0.125766049123238,0.348209883371926,0.526024067504836
26993,0.125052211125498,0.304905384888044,0.570042403986458
26994,0.123600159488116,0.178178447859659,0.698221392652226
26995,0.121310568896396,0.290804659875072,0.587884771228532
26996,0.101880183288616,0.106740105735594,0.79137971097579
26997,0.133400521972472,0.325560570250156,0.541038907777371
26998,0.131097884774888,0.295558333962437,0.573343781262675
26999,0.107018063821017,0.179274537603109,0.713707398575874
27000,0.102636392081179,0.172656871361723,0.724706736557098
27001,0.143772988568701,0.334697998362123,0.521529013069176
27002,0.122043128885831,0.245160560583096,0.632796310531073
27003,0.15499395857956,0.305143801492968,0.539862239927472
27004,0.13257373982812,0.341396798571054,0.526029461600826
27005,0.136340526583624,0.335267073219585,0.528392400196791
27006,0.139951482230533,0.232765770994706,0.627282746774761
27007,0.142829273650162,0.301511677827217,0.555659048522621
27008,0.0813602250821221,0.100222317559319,0.818417457358559
27009,0.159668401446872,0.24026676957013,0.600064828982997
27010,0.0854845298402847,0.1094935095868,0.805021960572915
27011,0.108158112816153,0.236956409375685,0.654885477808162
27012,0.11755942854932,0.167394610610333,0.715045960840347
27013,0.144213558889803,0.275144035737347,0.58064240537285
27014,0.119304635046693,0.289207404279266,0.591487960674041
27015,0.156032518599742,0.292928398770663,0.551039082629595
27016,0.160099259254561,0.272066911997716,0.567833828747723
27017,0.130460422188745,0.251265380256137,0.618274197555118
27018,0.103271007274541,0.153723229079775,0.743005763645683
27019,0.0935723587678952,0.133250767024787,0.773176874207318
27020,0.109245635531906,0.161647002702392,0.729107361765702
27021,0.126458531073852,0.260148233391728,0.61339323553442
27022,0.0964519887899958,0.156198800604496,0.747349210605508
27023,0.158906597922749,0.320029233339275,0.521064168737976
27024,0.10285877770822,0.142912235989603,0.754228986302177
27025,0.0880551014100684,0.125743897881673,0.786201000708258
27026,0.109654659844271,0.236262400676673,0.654082939479056
27027,0.151020641567748,0.226643522758197,0.622335835674055
27028,0.0979038753426263,0.11126759637866,0.790828528278713
27029,0.108051837876026,0.227188863468235,0.664759298655739
27030,0.126027985421898,0.249427640757791,0.624544373820311
27031,0.100389161845326,0.157634570313877,0.741976267840797
27032,0.136938494146943,0.311326475275563,0.551735030577494
27033,0.131835442089772,0.235275848319133,0.632888709591095
27034,0.114487789457768,0.214268992801443,0.671243217740789
27035,0.143581706057657,0.267493332836583,0.588924961105761
27036,0.135974315146679,0.277623793870764,0.586401890982557
27037,0.140343273471532,0.292501563165904,0.567155163362564
27038,0.134633631578167,0.245216261922361,0.620150106499472
27039,0.0861914965199646,0.12341232220447,0.790396181275566
27040,0.113061627098721,0.230222208593898,0.656716164307381
27041,0.118250813090656,0.179966738912826,0.701782447996518
27042,0.143979094977692,0.337442414490054,0.518578490532254
27043,0.115148642708624,0.180933703363522,0.703917653927854
27044,0.119525495786043,0.299109838314053,0.581364665899904
27045,0.119754183763831,0.361097505533943,0.519148310702226
27046,0.100645972106619,0.166860198496699,0.732493829396682
27047,0.152087935066188,0.371078372425039,0.476833692508773
27048,0.144713948816505,0.357863056251185,0.49742299493231
27049,0.131758639457624,0.323384446670738,0.544856913871638
27050,0.126166695775455,0.325646447305927,0.548186856918617
27051,0.138227526294379,0.256786042721139,0.604986430984482
27052,0.108809722155169,0.263628461688278,0.627561816156554
27053,0.135236516810329,0.321056691793414,0.543706791396257
27054,0.145631021274867,0.29181617939072,0.562552799334413
27055,0.149074808511137,0.325537033158169,0.525388158330695
27056,0.1347442674267,0.360624102252159,0.504631630321141
27057,0.092439519829894,0.129099778241382,0.778460701928724
27058,0.104171555272752,0.160852774485234,0.734975670242014
27059,0.128363925617261,0.337519808071728,0.534116266311011
27060,0.12751335464432,0.301695753189451,0.570790892166229
27061,0.103091573218041,0.159972910772077,0.736935516009882
27062,0.109745105472827,0.184437957643028,0.705816936884146
27063,0.132061508490371,0.299689706885908,0.56824878462372
27064,0.110344135098309,0.153861818791015,0.735794046110676
27065,0.108262402038804,0.172894250025528,0.718843347935668
27066,0.11003128908562,0.230230999547012,0.659737711367368
27067,0.134045629652299,0.288805111894995,0.577149258452705
27068,0.124952005573626,0.263182097136873,0.611865897289501
27069,0.144565161178208,0.247076270253693,0.6083585685681
27070,0.15048027252404,0.247999023278175,0.601520704197785
27071,0.139495324459789,0.25983384908819,0.600670826452021
27072,0.137320551721801,0.194349048151729,0.668330400126471
27073,0.129035148513685,0.281539599027648,0.589425252458667
27074,0.141759884399822,0.27004022748275,0.588199888117427
27075,0.120013958932003,0.189317206521631,0.690668834546366
27076,0.115728279993462,0.31342845349897,0.570843266507568
27077,0.122187609315844,0.236133335504969,0.641679055179188
27078,0.13418991261062,0.289499393956699,0.576310693432682
27079,0.114580851762726,0.183306816903253,0.702112331334021
27080,0.144086114137289,0.286952092792182,0.568961793070529
27081,0.109629505524891,0.213940332569045,0.676430161906064
27082,0.120439814182937,0.18678819848257,0.692771987334493
27083,0.148784999418073,0.316689645354844,0.534525355227083
27084,0.12074054712202,0.23881759453175,0.64044185834623
27085,0.103283773346369,0.163473121444801,0.73324310520883
27086,0.091247147707972,0.13215785353595,0.776594998756078
27087,0.119957684108179,0.267838802377819,0.612203513514002
27088,0.105138275888181,0.169125953869582,0.725735770242237
27089,0.0988013832717437,0.141400786951381,0.759797829776875
27090,0.127479996886136,0.256222545615094,0.61629745749877
27091,0.12850649766237,0.321765580683659,0.549727921653971
27092,0.131143595402729,0.368398166662667,0.500458237934604
27093,0.138226369321616,0.297249068748773,0.56452456192961
27094,0.109974525882274,0.131945412487455,0.758080061630272
27095,0.113373351495503,0.200642179539343,0.685984468965155
27096,0.128283300122945,0.270098301366735,0.60161839851032
27097,0.126400246342906,0.222567030986601,0.651032722670493
27098,0.116900285912878,0.296340251821908,0.586759462265215
27099,0.117571645485029,0.165733321242683,0.716695033272288
27100,0.144861290475626,0.261586056870745,0.59355265265363
27101,0.112350004476494,0.266018270863145,0.621631724660361
27102,0.135466412764847,0.317016332461744,0.547517254773409
27103,0.123445556629656,0.244143834543838,0.632410608826506
27104,0.142445859018517,0.221318499314215,0.636235641667268
27105,0.109027986010037,0.243520597314099,0.647451416675864
27106,0.109245218529862,0.124172087247248,0.76658269422289
27107,0.140335326333761,0.33908909598939,0.520575577676849
27108,0.114309449944722,0.212026346882044,0.673664203173234
27109,0.111096302433596,0.195593056783667,0.693310640782737
27110,0.122761218603323,0.233797818601428,0.643440962795248
27111,0.116570390637692,0.201009130112278,0.682420479250031
27112,0.164304794728529,0.261909909815068,0.573785295456402
27113,0.133080889637176,0.284703556341528,0.582215554021296
27114,0.107039412848745,0.139542811264959,0.753417775886297
27115,0.133771665004103,0.201012091424936,0.66521624357096
27116,0.118811049612547,0.220319440207514,0.660869510179939
27117,0.1380512376419,0.324148840060725,0.537799922297374
27118,0.140265594068975,0.24668896572386,0.613045440207165
27119,0.149677490194346,0.322789879592885,0.527532630212769
27120,0.132452055057937,0.394840358088609,0.472707586853454
27121,0.142315514784672,0.366447665825293,0.491236819390034
27122,0.141974552757963,0.337828421715798,0.520197025526239
27123,0.0976337181315001,0.175481896157958,0.726884385710542
27124,0.146101830956607,0.34421805893052,0.509680110112872
